13984
1172824
1172796
21379
26463
1218905
1265453
17398
1169744
1225031
19765
5947
1207430
1202618
1169208
1177483
725027
767997
762754
1167900
1272951
1176375
1225889
1217749
21887
20798
992895
1172748
1283666
1198606
1142190
1258907
1172772
1168520
30735
1444
201269
1000070925
842155
1211732
1287154
1242356
239539
81249
740
97
96
986
880
482
223
6
181
5
103330
22425
364
119
22426
913
2844
504
3603
458
546
3941
130
134612
5867
22422
3027
1217
8311
3265
337
272
145191
92
23
675
374
26364
2973
1428
6189
1280
1454
914
1427
4132
94
456
2
3154
902
1620
28029
753
2681
1306
5181
35
180
94873
2482
250
7644
91
1447
915
273
19114
47445
2699
10662
2698
3943
626
1621
367
6294
634
3942
2630
3201
316
279623
3011
3619
168668
6362
90
876
6433
25082
6939
15705
648
433
5178
2946
7099
749
1218
2669
2995
4906
5845
1376
5139
1272
7056
237
302
104
131
4216
2484
7643
6930
4696
112660
14729
1047
235
926
87
23325
18294
1321
328
21899
4695
764
3053
82
5421
699
1326
4674
94049
122556
1300
7219
93
363
18718
21074
1330
8020
5623
7145
7901
9228
1257
3753
8600
6199
2469
158
4622
705
4904
5817
9580
2847
8312
22066
983
8293
5411
3414
1301
2967
1648
1410
46986
52416
127664
9979
334
8292
4648
3764
2684
1752
1746
191479
5244
1646
2542
4215
7236
5982
698
4649
142213
9256
750
7221
7176
20027
365
422
1843
4650
145
1571
350
3946
1667
4576
3506
81
19747
9229
1754
168669
701
7830
9260
366
47381
19988
7576
2673
271
5729
7900
7240
4905
2361
3782
7501
7899
8234
6291
58
1045
78165
50833
5992
15744
5951
7137
2530
781
5930
7471
317
2470
2972
3857
28336
17245
4651
105420
5433
10791
12484
19109
6738
2913
892
79247
936
3056
6004
19091
20752
676
3944
900
4204
5730
7902
92697
21988
567
790
8117
4194
3817
9562
7024
7969
6638
5058
8177
141271
10632
6244
5870
5561
1365366
126294
50286
10253
24958
6289
50347
4928
760
22974
57
275
19275
652
718
19775
360
5097
5881
22850
6815
19271
46577
18037
6929
18313
4579
583
3440
5410
3704
4514
89
107
13681
3165
1585
156
24413
5871
25560
795
6542
50765
11794
2768
3949
7514
20189
9271
8512
1170
7968
2917
18797
3810
13688
345
4063
641
19272
2157
51224
20077
4546
1840
93071
11749
142753
119888
824
11836
159148
2238
5693
33
159
5787
9533
5786
4850
1275398
11581
354
5621
11786
13919
3872
243
8319
893
10628
8332
3370
31
62032
5057
43036
26012
13905
111750
3789
3179
7592
7235
3641
25479
145453
11235
9141
6161
8973
20478
44884
140700
4034
4166
784
51386
1336
43335
5627
13916
172702
10260
245113
3864
1608
294
754
19902
1930
5979
3818
21229
176102
26439
1831
4578
39522
110590
11465
1538
946
24120
5828
4196
4849
24080
47078
4415
225565
4664
18728
4405
203771
9976
9262
8305
8083
51378
8196
8735
21020
4145
46182
21880
1496
72032
6201
4201
6541
18395
8976
7664
3758
18855
3851
45582
116642
5530
4783
4623
91212
3804
50801
6723
13460
22754
2110
944
816
27554
24419
1807
94349
27553
6841
4689
3669
45077
19224
800
5612
119248
3691
39769
7018
744
346
10526
15487
76093
19875
7519
6985
9520
4059
175940
20668
134362
5054
3348
852
4763
19633
6361
6514
3765
222950
143294
18489
18041
10943
8375
208716
80821
79158
3144
923
95498
1844
6003
10944
240506
3023
922
96404
8109
811
71408
19946
250615
799
76775
11543
10912
875
5533
5616
849
24263
22401
19832
24938
8001
22060
7528
262531
230951
4212
1848
148406
26440
9130
46664
23717
5353
4055
117319
104999
23834
5714
11713
15863
20564
10456
18332
5809
10525
8700
83876
18040
7193
214736
777
20298
9560
3539
149275
3613
5719
3561
193321
22516
6225
23953
2762
228852
115724
34420
19214
3994
74425
9431
11822
203524
13925
7241
119339
4064
12443
11859
12327
18153
3794
13549
11682
7895
793
136396
34024
115575
7226
6252
1258
141229
51279
869
462
14535
15870
174192
5964
4604
4782
7622
28542
19077
8804
4111
68115
1168564
7225
3912
62117
42636
7242
4663
1259
265911
93901
10495
21840
9338
50395
11336
11230
7742
945
260721
50095
4923
1835
243819
1897
776
4586
69168
14556
10127
23792
3163
76727
7557
1896
19004
6690
11403
10465
27555
11687
8129
3955
3446
136083
71652
69160
12844
51226
19010
3637
1845
75568
19805
13194
5529
80638
51347
11371
2722
390
218272
51193
44706
28061
20687
20531
11331
5935
27255
1572
6377
11686
112897
103377
28377
27455
26084
22307
19460
19222
5579
5067
4297
3309
51274
8708
5785
2914
841
5528
18018
3670
8972
5531
132067
73752
10485
8971
6826
88912
79545
78208
51223
24146
19665
15318
8778
8337
47250
39414
19231
925
143699
26091
26085
9759
22919
9542
5900
3614
1414
584
155
75401
18870
5821
51199
20397
332
118748
69099
9359
7955
5171
3712
933
81480
12960
11007
4033
1834
184100
123589
53820
11614
44838
39488
9226
6876
812
27349
22593
15883
14676
9787
8873
1922
3550
50230
42588
39508
26557
22448
6945
5721
95463
5906
2226
786
464
265919
191634
188368
158968
28838
23369
24947
78173
734
50806
20675
20084
9116
9030
78482
46446
19190
13670
3293
2483
235080
206133
204629
144771
84941
72126
53805
52521
47769
46024
27767
12420
11158
54638
8295
1870
13918
9710
1180
635
66116
7314
5769
5152
4148
3417
369
251244
249452
36988
27535
15882
6221
4800
81548
42097
20717
20108
11761
11466
5797
23907
196529
192302
141395
139815
119891
112643
106008
104784
69516
62833
50436
39015
44848
26362
16322
11262
19736
8457
8434
200
22063
99969
7259
27807
23769
5624
43869
5532
2632
856
250103
125300
86048
1144457
71761
21535
19526
9236
8854
3207
78777
60777
20111
8838
4070
2714
227568
201845
191964
137272
69076
64469
22628
11380
13776
6532
4075
24282
14486
11704
3898
21726
11207
5234
7184
5768
368
172504
128443
125378
125301
77437
74091
73371
69808
69782
66175
53302
51343
50471
40426
22370
19138
18729
7424
5779
5773
50863
7663
5021
690
41319
20483
20194
12043
755
5899
77192
20030
120314
135936
83237
79328
13225
10667
1609
788
307097
154827
145386
140279
62966
275808
254444
231247
178996
152080
145318
144009
142083
140533
1153335
136427
136259
131102
127881
127125
122331
122101
120809
118440
108768
99923
97733
88900
73433
73016
72667
53950
50076
46716
45165
28979
27252
22912
22588
22843
11773
10696
7532
8776
5866
5220
4897
4807
269155
269135
114943
23335
20686
8435
7845
7867
7632
6473
5254
3911
54167
46775
19192
8333
7197
6912
6012
51293
46171
20568
5372
88
216193
194143
87738
8287
114940
4112
3366
307096
1365351
50837
299218
296030
294641
281759
278027
271424
268838
266705
262610
225653
204744
204557
204560
203647
203160
1202630
186018
177058
166466
145419
139506
134224
132191
130034
125647
125168
122090
107264
72980
71968
70784
70580
1278556
54362
54020
53035
47075
43771
33135
21954
21427
21420
10858
8942
7527
114944
114941
114942
71738
50299
8139
905
152399
79825
50420
18219
3884
3281
449
51367
27424
21134
416
49409
18494
4869
4044
628
2161
72967
20615
10736
9275
8325
7473
4892
4254
4227
50245
27556
21735
20567
14700
10285
10107
8140
7288
932
143737
93049
79804
53506
12390
11733
8320
463
199421
134221
123122
77261
70345
11368
135097
5438
5235
7055
6438
128647
51206
20707
23473
20680
20678
9990
9711
814
77289
27605
19789
13363
10845
9354
8294
6927
2989
3537
2653
804
779
298
221950
163113
115032
111064
72019
69699
68859
21255
20588
18491
18490
18137
4285
1535
252829
205198
142514
69641
47045
11024
1386
525
51354
47354
11835
71927
43561
26255
9791
5397
4867
4780
2862
778
241431
138348
126181
79984
46964
29296
22449
20676
19735
13364
10187
7230
6764
5904
4486
265916
80932
79847
26504
26092
7183
6162
3870
3223
409
18872
18133
10759
10273
712
17468
210737
95356
71647
41597
20679
16263
16209
14145
9274
9258
7011
5907
5891
4251
2536
785
228709
202966
186629
107232
83091
80034
69525
62327
50923
50390
44556
26889
21647
12405
9393
7263
6727
6177
248194
248193
248185
248182
144676
141306
99122
70961
68263
68204
61351
53245
50762
26094
18704
17273
10319
8905
405
402
128650
59591
48133
20503
19005
18487
6212
5657
4366
2792
100553
46976
240455
145125
141372
138173
84216
53731
46647
27887
21739
20527
18935
15739
14561
9957
7250
6680
5736
5221
4916
4542
4462
4007
3836
3548
906
643
290
203112
136069
132709
122285
116154
111063
95404
52417
45496
26815
26688
22678
22298
21930
21649
20225
11379
8552
8458
6908
2702
1964
1846
265917
265912
253012
216456
204648
176011
172507
166440
152072
145682
131034
79217
52553
50772
50284
38030
14499
165165
128649
128648
117306
49184
19225
11824
7494
5715
4191
3578
2755
51358
120642
120639
120640
120641
120637
112408
78193
67170
62150
52717
2263
51401
50908
47491
46969
45086
43909
23734
21437
20684
15829
9889
9172
8912
8813
7511
7008
6288
6618
5077
3971
3634
3628
1923
1607
186911
113550
111833
103518
102600
100023
96018
81512
80076
53821
52629
53338
51179
50228
47943
47056
42098
41769
36448
23506
21239
20718
4913
770
304
178326
109194
80475
51353
46635
36932
22943
19233
19193
8881
8342
7633
5791
3341
2532
52431
44665
201092
138124
135219
132643
132134
120638
85547
82038
80186
78239
67790
58372
52973
52119
51230
27918
27451
27204
25468
25190
23524
22505
22265
22015
22013
20682
13137
13152
11870
11734
11293
11097
10381
9342
8812
7077
6205
5362
5225
4767
4339
3495
2838
2032
664
265938
265913
246071
224478
174592
176012
169159
164813
152401
145409
144929
144858
138154
135274
135273
129146
124500
120201
116950
103378
87817
84439
73717
73480
72290
71612
71317
71097
69877
69724
66446
60459
51987
50970
50381
50386
50129
48475
42126
42010
41626
38940
36700
31189
27576
27099
25367
24251
22286
21489
17002
15611
13958
13492
12435
11107
11106
10999
10691
8551
8230
8224
8089
6298
5985
5843
22307
2491
242378
120635
117307
91353
71814
51396
50763
50398
45512
45115
44839
37190
34129
1324652
24702
23138
20634
20279
13775
12682
11402
5861
5763
4450
4419
3809
613
630
92914
89872
54069
50472
241432
202299
196664
194788
135820
122009
121167
120615
116150
102073
86029
81226
79495
78917
73734
73341
72268
67124
53465
50333
46713
45172
43430
27583
26270
23781
21270
21195
20785
18249
16968
13483
12446
12388
11792
11716
10675
9397
7766
6568
5073
4991
4993
3963
3923
2237
711
644
264
267
259
305027
287174
279226
252848
248422
248201
248198
248196
248197
248195
246406
241237
241125
227089
221840
212881
210169
210152
210139
210138
200657
200191
197864
194322
194108
176015
163157
139860
138337
136489
136270
133884
129147
129149
129111
129104
126122
125935
124503
121432
119111
105063
101214
97395
78604
77094
77093
76145
73975
73944
73592
73631
73232
72737
72379
71651
69749
62256
55116
53768
51690
51522
50241
48023
45588
42970
36986
27009
22122
21952
21868
19627
18995
17481
14430
8346
7105
593
344
246741
245020
194800
141859
136262
120636
85963
83359
78822
78673
78286
68207
62420
53588
50248
49438
47400
46615
44764
44831
44743
27639
23191
19194
18073
13127
11327
9453
9263
7156
7079
6499
3360
2221
937
903
266866
232860
210043
207013
138257
118927
87190
71917
46711
43015
42911
1169692
291543
259766
243012
238607
229856
223842
223843
223840
223841
211296
204593
164080
5827
142670
141042
139320
136497
136279
135931
134619
132053
127995
127645
126038
124501
112662
104403
97103
84287
80682
79845
79617
79124
78288
78050
75569
75535
73800
73240
73166
72749
71926
71748
70157
69218
67805
67228
66703
58707
55258
54430
53944
53479
52888
52887
52646
50924
50902
50899
50880
50764
47383
47070
46636
46443
45838
45303
45085
44934
43724
43564
43020
36903
27548
27249
24182
24169
22022
21624
20604
19933
19757
19401
18920
17818
15820
15517
13782
11308
11289
10956
10246
8705
7800
7075
6216
4903
4677
4330
4329
4213
3787
3454
3413
2857
1841
203
260736
237335
230714
216281
202311
156177
144813
127108
114209
106271
95477
94848
94705
94569
93578
90142
22349
85751
79931
74551
72147
70107
70086
70020
69904
68701
69111
57592
53817
51294
50210
47099
46432
45942
44642
45706
42497
36536
32981
28097
24955
24599
24170
23820
23768
22369
22303
21813
21590
21528
21525
21482
21092
20883
20540
19745
19189
19183
16446
14705
10269
10236
9971
8882
8061
8013
6584
5022
4762
4680
4235
4246
3958
3563
2306
772
592
147
239050
207005
202061
185887
159196
133886
132079
118879
118689
118687
109468
82429
77255
73074
53905
53899
53896
45129
42972
22143
22581
21856
275640
262642
250021
248192
247247
246155
245007
241843
241236
239948
230599
229944
228708
225485
224493
223048
221874
221878
221872
221871
214788
213764
212870
209633
203369
202688
202690
202689
1341222
188098
186120
181938
180293
177047
170339
165554
165308
165147
164662
163632
154865
151921
147224
146818
146545
142826
140969
140498
139957
139452
138253
136788
135105
134562
132055
131932
130593
129105
125532
124551
124289
122275
122138
120312
119583
118721
117423
115758
115539
115474
113110
108154
106700
102663
99116
98495
98251
97094
96592
96497
94897
94327
93226
92810
92557
91395
91241
85144
85139
84468
83319
81474
9423
79869
79168
78909
78728
77376
77244
73996
74064
73450
73025
71625
71623
71524
71368
71296
71228
70735
70414
70457
69608
69435
69251
68902
68095
67279
63292
62832
62877
57628
55631
55119
53829
53717
53611
53609
53608
53353
52924
52850
52425
52331
51441
51261
50915
50917
50371
49243
47412
47048
47012
47034
45388
44921
44906
44596
43212
41853
41486
37149
29258
29259
28978
28726
27588
27641
27561
27452
27361
25373
25440
24082
23785
23775
23554
23328
22999
22631
22577
22349
21085
19841
18893
18324
17753
16303
15480
12473
12478
12140
11780
11556
11108
10928
10397
10154
9355
8555
8343
7530
7185
5470
5238
5172
5052
3922
3313
658
1505
282650
1161319
265689
245058
237336
232652
201747
187812
168214
140049
138362
135737
132146
127639
127551
125306
122938
120554
1254154
116655
100132
100057
98942
94697
94634
94496
93475
92538
79964
79885
79770
79551
78983
78448
78034
78025
77238
76506
74880
72027
71093
70974
70279
69565
68946
66582
65721
64285
63402
62007
61204
59905
53286
52526
47429
47425
47063
46932
45848
45116
45112
44984
44890
43375
42110
38580
37280
37049
28410
28370
27591
26191
24745
24573
23556
22932
22633
21668
21522
20739
20598
19403
19240
14448
12768
11286
10250
10034
9311
8892
8018
531
7006
5942
5182
5129
5094
4992
4669
4338
3858
3860
3843
1859
889
855
746
258
146
207000
137050
133885
133850
127515
128858
97732
64806
64798
53636
53634
42974
41841
230829
232152
139743
90661
54132
19322
1935
122283
1206405
53910
210703
229538
210141
210140
210150
210142
142163
139845
142159
91800
92241
52791
229702
205791
205704
181522
102655
90983
53194
24722
273938
273937
273936
273934
243338
225938
225936
225937
225935
225931
225934
51395
45117
141224
72381
46712
41644
124502
206025
93494
266512
185938
77191
994784
221404
231363
299217
298587
297495
292897
284372
282103
281010
280880
279714
278876
278494
278300
274894
272839
272300
271474
266218
262677
262609
262158
262079
261300
259663
256077
255691
255416
253672
252843
251799
251020
250597
250593
246718
241886
240370
240171
240059
238185
237522
237294
233678
233549
232854
231687
231379
231383
230630
230534
229453
228435
227410
225486
225368
224464
222763
222493
222347
217854
216555
215075
213298
213102
213095
213094
212756
212774
209956
206494
206130
204401
204382
202770
201310
200437
200078
198855
198234
196816
195987
194375
194056
191880
191457
188212
188048
187208
185945
185852
172524
171781
170337
1176407
167154
166447
166376
165141
163701
1914454
6762
153089
151716
150590
150103
148359
145908
145651
145203
144394
143571
143039
142540
142239
142182
140650
140521
140254
140203
139995
139959
139745
139081
138856
138156
138083
136374
136388
136153
136152
136070
135854
135588
135558
135093
134629
134563
133972
132142
131933
131723
131721
131581
131270
130418
130006
129764
129543
129506
129501
128644
128409
126129
126039
125961
125279
124767
124645
122308
8951
120885
119573
118900
27599
115782
115673
109070
108737
108414
107240
103299
102870
101185
100548
99155
97575
97282
96022
7421
94940
94810
94314
94640
94221
94385
93199
92759
92494
90229
90230
90222
90219
90198
89216
86004
85753
85593
85221
84940
83906
83387
81338
81425
81170
80613
80520
80291
79850
80092
79818
79753
79459
79302
78879
78868
78865
78329
78247
77903
76329
75679
74894
74266
74090
73887
73847
73878
73662
73482
73339
73228
73268
72932
72540
72304
72299
72137
72113
71821
71734
71321
71162
71163
71101
70525
70347
70342
70221
70186
70123
69052
68992
68963
67015
67016
66893
66760
66354
66384
65703
64892
22828
64267
64290
64280
21196
61761
61694
61097
59997
57989
57038
56027
55974
54308
54181
53928
53886
53771
53462
53362
53356
53336
53148
53139
53102
53061
53044
52834
52792
52793
52564
52427
52351
52358
52384
52303
51981
51544
51321
50945
47410
47071
46708
46441
45436
45435
45197
45130
43448
42936
42671
37048
28725
28056
27645
27562
27469
27464
25985
25457
25400
25334
25317
25273
24813
24189
24134
24090
24092
22573
22473
22372
22351
22216
4699
21953
21804
21729
21630
21479
21234
21095
20783
20709
20599
20533
20451
20268
19667
19639
19461
19458
18072
16588
15514
15039
14534
13789
13780
13778
12895
12028
10895
10417
10174
9353
8537
8418
8326
7999
4658
4208
3842
3713
3282
3139
2500
742
62257
297269
292781
290723
287997
282471
282412
254798
254624
253065
251228
251394
246745
245057
242596
241218
238835
237338
237337
232861
232864
232658
230720
229857
224492
29963
218514
218481
217522
216196
208357
202187
200592
200455
196021
193372
191284
188544
187383
187026
184129
182430
180622
166206
166277
165138
165118
159004
153686
150055
150057
149335
147845
147344
146937
146816
146738
146300
143305
142980
142951
141846
140686
140054
138946
138714
137710
136617
136426
136278
136087
135810
134167
130271
130005
129490
129110
128854
127640
127141
125010
124311
122315
122276
120626
119438
119397
118946
118942
118704
118221
117025
112291
109480
107442
106493
103844
100089
100000
98961
98131
96545
95506
95444
94127
93982
93434
93149
92803
92375
92326
91677
89924
88274
88280
87599
87410
86018
82446
81354
79890
79805
79563
79025
78531
78466
78380
78189
78057
78004
78009
77401
77189
77145
76172
74821
73760
73647
73526
73328
73235
72960
72696
22690
72386
72020
71921
71876
71839
71752
71492
70421
70296
70241
69994
69934
1222738
69786
69611
68154
67539
65106
64157
64016
63166
63099
62652
60667
57183
56539
55032
54032
53976
53935
53573
53342
53367
53068
52977
52975
52839
52686
51625
51318
51271
51212
50499
50367
50360
50342
50282
50214
50065
49888
49458
48815
47359
47084
46727
46453
46448
45852
45810
45524
45488
45231
45180
45166
45054
44741
44707
43957
43936
43879
43690
43609
43110
43024
42898
41886
41887
41854
41773
38260
36320
33050
31457
29433
28923
28640
28352
27616
27609
25886
24836
24229
24153
23744
23620
23555
23512
23114
22014
21673
21520
21581
21470
21452
21423
21407
21249
20202
20129
20015
19239
19228
19226
18515
16676
16110
15200
14984
14887
14586
13184
3677
1222393
11861
11684
11337
10878
10880
10374
10098
9836
9202
9015
8858
7446
7199
7076
6759
6186
6102
5963
5874
5459
5120
5093
4990
4975
4950
4291
4205
4149
3844
3755
3757
3438
1275407
2294
2024
709
708
691
611
608
206
194
10607
1167
265643
79030
70121
97734
97736
91907
97735
306566
147849
1866397
1278550
200594
77008
77321
70117
50443
305737
39713
21543
63495
164305
22915
92783
300349
298842
298409
298010
295662
294428
293722
292064
289412
288102
286606
285586
285222
285224
285223
285165
284924
284390
283745
283119
282912
282402
282404
282329
282331
282129
281763
1237426
281563
280961
280694
279994
279449
279062
277809
277872
276309
275479
275175
274834
273108
270356
268548
268369
268373
9230
267511
267193
266189
265942
265864
23883
263681
263459
262258
262253
259584
258927
258935
258928
256375
255840
255647
254839
254799
254797
254625
254622
254626
254623
254621
254465
253064
252882
252061
251705
251654
1314982
251391
251382
251380
1324679
251124
250646
250534
250589
250046
249741
247095
246744
246743
245934
245388
245055
992800
243953
242887
242898
242494
242266
241668
241490
240485
239261
238052
237573
234913
234685
234383
234039
232862
232863
1032
232783
232692
231811
228704
228026
227459
225450
222874
222815
221978
218968
219005
13961
218817
218478
217772
216554
216297
216275
215444
214616
214487
213956
213884
213879
213867
213025
210816
210400
210099
209285
208574
207246
207239
206986
205975
205950
204574
203273
201921
201793
201657
201653
201286
201294
201228
201153
200593
1083316
198173
197936
197666
197323
196708
195496
194847
194587
194588
194617
1324631
192397
191939
191751
191749
191696
191607
188581
188566
188558
188082
1000143712
187091
187088
2176
187044
186906
186601
186107
184281
181540
180148
2202306
177033
5494
176695
176074
176078
176010
175990
173148
172724
171790
171554
171283
169988
169124
168558
167278
167280
167123
166991
166586
166454
165837
165323
165157
165052
9473
158055
154872
154715
153626
153616
153023
6521
152654
152207
1210608
151999
151935
4252
148819
148223
147942
146962
146963
146961
146960
146953
146932
146926
146921
146951
146920
146922
146916
146915
146919
146918
146914
146913
146906
146901
146896
146899
146894
146893
146897
146892
146891
146889
146890
146858
146854
146853
146857
146815
146812
146765
146767
146766
146733
146737
146731
146732
146730
146707
146691
146690
146692
146618
146616
146625
146615
146612
146613
146614
146610
146589
146583
146585
146586
146584
146582
146578
146576
7016
146580
146574
146572
146573
146570
146575
146571
146569
146566
146515
146514
146513
146510
146494
146509
146500
146496
146449
146448
146446
146443
146445
146435
146437
146432
146436
146431
146423
146433
146422
1202450
146411
146415
146414
146412
146311
146312
146246
145904
145669
144962
144856
144857
144780
144363
144272
144186
144182
144077
144031
142967
142897
142898
142442
142085
993229
141497
141470
141468
141173
140925
24748
140608
140512
140377
140232
140047
139962
139843
139137
139109
139132
139044
138974
138295
138336
137116
137115
137029
136850
136848
136824
136707
136596
136544
136425
136133
22404
136082
135985
135811
135666
135591
135561
134753
8426
134339
134330
134239
134131
134166
133957
133255
133257
133122
133046
132811
132824
132453
132357
132173
132169
132042
16442
131942
131897
131814
131751
131274
130754
130621
130681
129811
129509
129505
129480
128852
128853
128857
128855
128801
128848
128761
128641
128477
128406
128438
127993
127784
127783
127641
127559
127512
127478
127320
127123
127121
126293
126323
126279
126273
126077
126004
125489
125491
125490
125313
125314
125284
125163
125144
124913
124912
124684
124682
124652
124437
1211632
124405
123687
123688
122631
122566
122567
122568
122535
122362
122309
122310
122300
122301
122267
122233
122219
121949
1276283
120875
120516
120515
120513
120210
120162
119894
119895
119584
119582
119250
119202
119194
119165
119138
118928
118567
118558
118547
118220
118212
6354
117663
117316
117318
117287
117024
117020
116972
116960
116956
116897
116804
116789
116788
116601
116600
116157
116139
115838
115759
115778
114792
114139
113981
113908
113909
113531
113487
113099
112896
1239241
112655
112637
112636
1324625
111322
111321
111320
111083
109481
109100
108025
106878
106243
105787
105741
105413
105117
104853
104640
103594
102986
102715
102227
101632
101398
100186
100078
99740
98953
98712
2054762
98274
98174
96521
96510
95817
95513
95497
95502
95468
94900
94638
94471
94567
94591
94573
94514
94487
94475
94458
94394
94330
94361
93555
93480
93439
93410
93338
93300
93277
93211
93181
93100
93090
93057
92822
92791
92790
92323
92406
420
91693
91690
91298
91162
90662
90524
90224
88503
88286
88076
87447
87309
1164484
86135
85946
85800
85734
85725
85695
85435
25312
85254
2153
84460
84229
83869
83450
83196
82979
82386
81665
81471
81335
81099
81097
81096
80863
80840
80777
80723
80678
80667
80604
80119
80029
79848
79955
79830
79846
79705
79597
79501
79466
79276
79227
79175
79178
79117
78842
78574
78572
78385
78360
78273
992880
78058
78044
77294
77223
77146
76557
76489
76205
76070
25697
75305
75085
74325
74101
74044
74010
73918
73906
73851
73898
73849
73733
73682
73667
73645
73634
73590
73492
73447
73460
73359
73316
73293
73276
73203
72865
72757
72724
72673
72634
72543
72546
72532
72510
72468
72410
72388
72286
72263
992910
72168
72043
72061
72036
71929
71826
71770
71749
71747
71733
71730
71658
71653
71514
71568
71500
71426
71369
71348
71345
71326
71216
71229
71111
71044
70991
70981
70944
70951
70729
70509
70493
70461
70472
70442
70340
70330
70325
70318
70247
70093
69840
69805
69755
69689
69668
69640
69594
69561
69545
69142
69091
68947
68854
68875
68802
68777
68666
68676
68250
1327946
68222
67791
1000164787
67726
67712
67312
67173
66910
66383
66032
65783
65733
65363
65328
65321
65202
65189
65107
64441
64279
64286
64238
64000
4713
63523
63379
63352
63245
63071
63097
63089
62622
62469
62541
62465
62431
62430
62432
62375
62333
62276
62016
61826
61701
61641
60972
1000183748
60967
60966
1202178
60505
60426
60251
60140
60065
59942
59908
25140
59321
1176423
58072
57949
57919
57920
57923
57686
57652
57651
57565
57581
57249
56905
56866
56776
55634
55598
54860
54635
54616
54482
54435
54412
54426
54140
54097
54096
53975
54042
53987
53958
53909
53858
53813
53814
53784
53685
53752
53721
53638
53587
53451
53282
53298
53281
53280
53181
53178
53101
53127
52985
52972
52976
52934
52935
22808
52810
52667
52640
52603
52632
52434
52433
52415
52342
52339
52381
52115
52116
51379
51357
51334
51332
51331
51319
50947
50914
50948
1134522
50878
50861
50866
50795
50709
50603
50492
50474
50470
50478
50426
50387
50310
50304
50266
50237
50231
50160
50114
50100
50105
50013
49946
18198
49001
24282
2175413
2696
21831
994674
47739
23137
23873
47120
47069
47042
47015
47011
46996
46997
46967
24473
46933
46731
46646
46640
46431
45980
45844
45815
45807
45486
3233
45229
45164
45098
44631
43689
43511
42988
6931
25159
41890
41614
16979
1144669
743
24396
18839
40544
15943
2125169
39795
23444
1337672
994819
1726355
5007
1309676
25899
37583
37423
37213
1234059
36704
36659
36537
36148
36035
1153311
34792
34116
1207029
34004
1241276
33354
33223
33026
33007
6604
32802
23786
31873
31369
30425
30412
1314046
30259
30125
1281217
29762
29474
4204
29237
29219
28980
8169
1175375
28802
25134
8771
781116
27627
27621
27578
27489
27483
27313
26867
26535
26539
26518
25906
25879
25706
25446
25417
25369
5510
25198
25171
1087997
24866
196441
202231
24352
1726550
24298
24278
24231
24106
25092
23764
23702
4971
23640
23525
1963457
23327
23102
22842
22654
22600
22623
22292
22167
22068
21940
21862
21860
21608
21517
21499
21286
26541
21256
21227
21218
21216
21191
20513
20499
20375
17885
20227
1970193
19234
19215
19151
18945
18934
1318331
18258
18136
774431
1261056
17332
17262
1085376
16967
16589
16590
1005471
1176439
1152659
1176747
16373
1000151830
1253329
14608
14456
1325374
1281262
1888436
26603
1355511
13770
2859
1087116
5134
7290
1164432
19300
12907
12896
1315015
1207843
790236
1133654
12463
1939376
3250
11523
11348
22987
17573
11021
11003
11013
11008
1153467
10902
10859
10811
10780
10739
10740
10735
10715
10709
10671
10493
1000046724
10155
1253335
9788
2092541
1000164766
9469
9442
1231627
9358
1000151812
9060
1000021782
9003
8940
2069587
1349718
8913
8853
8728
1349712
8541
1000151914
1094801
8358
8345
778418
8088
1295895
7638
7549
7529
1244770
7195
7152
7073
1113352
7010
6931
2175404
6736
1365840
6157
1235445
1228047
1041477
1231612
6021
1365294
1291405
1000165416
1201010
1354131
1321439
1129843
5284
1908895
5142
1306283
5109
5092
1032502
1231588
1303546
5044
5029
5007
4976
4920
1970322
1362197
1000174442
1253332
1262001
1727777
4751
1138992
1242362
1354506
1000074744
1970400
1291402
1909369
1292951
1000140314
1202150
1287268
1412541
3861
1242380
3575
1909411
3359
1292721
3352
1242386
1306274
1298454
1575483
1000145584
1000142923
1000148875
1240839
1000143790
1595699
2615
1362215
1000172727
1000198477
2001971
1321412
1358
1909264
645
631
582
261
